0.0 0.0 0.0 0.0 0.0 0.0 0.0 0.0 100.0 0.0 0.0 normal
0.0 0.0 0.0 0.0 0.0 0.0 0.0 0.0 100.0 0.0 0.0 normal
0.0 0.0 0.0 0.0 0.0 0.0 0.0 0.0 100.0 0.0 0.0 normal
0.0 0.0 0.0 0.0 0.0 0.0 0.0 0.0 100.0 0.0 0.0 normal
0.0 0.0 0.0 0.0 0.0 0.0 0.0 0.0 100.0 0.0 0.0 normal
0.0 0.0 0.0 0.0 0.0 0.0 0.0 0.0 100.0 0.0 0.0 normal
0.0 0.0 0.0 0.0 0.0 0.0 0.0 0.0 100.0 0.0 100.0 normal
0.0 0.0 0.0 0.0 0.0 0.0 0.0 0.0 100.0 0.0 0.0 normal
0.0 0.0 0.0 0.0 0.0 0.0 0.0 0.0 100.0 0.0 0.0 normal
0.0 0.0 0.0 0.0 0.0 0.0 0.0 0.0 100.0 0.0 0.0 normal
0.0 0.0 10.0 10.0 0.0 0.0 0.0 0.0 100.0 0.0 0.0 normal
0.0 0.0 0.0 0.0 0.0 0.0 0.0 0.0 100.0 0.0 0.0 normal
0.0 0.0 10.0 10.0 0.0 0.0 0.0 0.0 100.0 0.0 0.0 normal
0.0 0.0 0.0 0.0 0.0 0.0 0.0 0.0 100.0 0.0 0.0 normal
0.0 0.0 0.0 0.0 0.0 0.0 0.0 0.0 100.0 0.0 0.0 normal
0.0 0.0 10.0 10.0 0.0 0.0 0.0 0.0 100.0 0.0 0.0 normal
0.0 0.0 0.0 0.0 0.0 0.0 0.0 0.0 100.0 0.0 0.0 normal
0.0 0.0 10.0 10.0 0.0 0.0 0.0 0.0 100.0 0.0 0.0 normal
0.0 0.0 0.0 0.0 0.0 0.0 0.0 0.0 100.0 0.0 30.0 normal
0.0 0.0 0.0 0.0 0.0 0.0 0.0 0.0 100.0 0.0 0.0 normal
0.0 0.0 10.0 10.0 0.0 0.0 0.0 0.0 100.0 0.0 0.0 normal
0.0 0.0 0.0 0.0 0.0 0.0 0.0 0.0 100.0 0.0 0.0 normal
0.0 0.0 10.0 10.0 0.0 0.0 0.0 0.0 100.0 0.0 0.0 normal
0.0 0.0 0.0 0.0 0.0 0.0 0.0 0.0 100.0 0.0 0.0 normal
0.0 0.0 10.0 10.0 0.0 0.0 0.0 0.0 100.0 0.0 0.0 normal
0.0 0.0 10.0 10.0 0.0 0.0 0.0 0.0 100.0 0.0 0.0 normal
0.0 0.0 0.0 0.0 0.0 0.0 0.0 0.0 100.0 0.0 0.0 normal
0.0 0.0 0.0 0.0 0.0 0.0 0.0 0.0 100.0 0.0 0.0 normal
0.0 0.0 0.0 0.0 0.0 0.0 0.0 0.0 100.0 0.0 0.0 normal
0.0 0.0 0.0 10.0 0.0 0.0 0.0 0.0 100.0 0.0 10.0 normal
0.0 0.0 0.0 0.0 0.0 0.0 0.0 0.0 100.0 0.0 0.0 normal
0.0 0.0 0.0 0.0 0.0 0.0 0.0 0.0 100.0 0.0 0.0 normal
0.0 0.0 0.0 10.0 0.0 0.0 0.0 0.0 100.0 0.0 10.0 normal
0.0 0.0 0.0 10.0 0.0 0.0 0.0 0.0 100.0 0.0 10.0 normal
0.0 0.0 0.0 0.0 0.0 0.0 0.0 0.0 100.0 0.0 0.0 normal
0.0 0.0 0.0 0.0 0.0 0.0 0.0 0.0 100.0 0.0 0.0 normal
0.0 0.0 0.0 0.0 0.0 0.0 0.0 0.0 100.0 0.0 0.0 normal
0.0 0.0 0.0 0.0 0.0 0.0 0.0 0.0 100.0 0.0 0.0 normal
0.0 0.0 0.0 0.0 0.0 0.0 0.0 0.0 100.0 0.0 0.0 normal
0.0 0.0 0.0 0.0 0.0 0.0 0.0 0.0 100.0 0.0 0.0 normal
0.0 0.0 0.0 0.0 0.0 0.0 0.0 0.0 100.0 0.0 0.0 normal
0.0 0.0 0.0 0.0 0.0 0.0 0.0 0.0 100.0 0.0 0.0 normal
0.0 0.0 0.0 10.0 0.0 0.0 0.0 0.0 100.0 0.0 10.0 normal
0.0 0.0 0.0 10.0 0.0 0.0 0.0 0.0 100.0 0.0 10.0 normal
0.0 0.0 0.0 0.0 0.0 0.0 0.0 0.0 100.0 0.0 0.0 normal
0.0 0.0 0.0 0.0 0.0 0.0 0.0 0.0 100.0 0.0 0.0 normal
0.0 0.0 0.0 0.0 0.0 0.0 0.0 0.0 100.0 0.0 0.0 normal
0.0 0.0 0.0 0.0 0.0 0.0 0.0 0.0 100.0 0.0 0.0 normal
0.0 0.0 0.0 0.0 0.0 0.0 0.0 0.0 100.0 0.0 0.0 normal
0.0 0.0 0.0 0.0 0.0 0.0 0.0 0.0 100.0 0.0 0.0 normal
0.0 0.0 0.0 0.0 0.0 0.0 0.0 0.0 100.0 0.0 30.0 normal
0.0 0.0 0.0 0.0 0.0 0.0 0.0 0.0 100.0 0.0 0.0 normal
0.0 0.0 10.0 10.0 0.0 0.0 0.0 0.0 100.0 0.0 0.0 normal
0.0 0.0 10.0 10.0 0.0 0.0 0.0 0.0 100.0 0.0 0.0 normal
0.0 0.0 10.0 10.0 0.0 0.0 0.0 0.0 100.0 0.0 0.0 normal
0.0 0.0 0.0 0.0 0.0 0.0 0.0 0.0 100.0 0.0 0.0 normal
0.0 0.0 0.0 0.0 0.0 0.0 0.0 0.0 100.0 0.0 0.0 normal
0.0 0.0 0.0 0.0 0.0 0.0 0.0 0.0 100.0 0.0 0.0 normal
0.0 0.0 0.0 10.0 0.0 0.0 0.0 0.0 100.0 0.0 10.0 normal
0.0 0.0 10.0 10.0 0.0 0.0 0.0 0.0 100.0 0.0 10.0 normal
0.0 0.0 10.0 10.0 0.0 0.0 0.0 0.0 100.0 0.0 0.0 normal
0.0 0.0 0.0 0.0 0.0 0.0 0.0 0.0 100.0 0.0 0.0 normal
0.0 0.0 10.0 10.0 0.0 0.0 0.0 0.0 100.0 0.0 10.0 normal
0.0 0.0 0.0 0.0 0.0 0.0 0.0 0.0 100.0 0.0 0.0 normal
0.0 0.0 10.0 10.0 0.0 0.0 0.0 0.0 100.0 0.0 0.0 normal
0.0 0.0 0.0 0.0 0.0 0.0 0.0 0.0 100.0 0.0 0.0 normal
0.0 0.0 10.0 10.0 0.0 0.0 0.0 0.0 100.0 0.0 0.0 normal
0.0 0.0 0.0 10.0 0.0 0.0 0.0 0.0 100.0 0.0 10.0 normal
0.0 0.0 10.0 10.0 0.0 0.0 0.0 0.0 100.0 0.0 10.0 normal
0.0 0.0 10.0 10.0 0.0 0.0 0.0 0.0 100.0 0.0 10.0 normal
0.0 0.0 0.0 10.0 0.0 0.0 0.0 0.0 100.0 0.0 0.0 normal
0.0 0.0 10.0 10.0 0.0 0.0 0.0 0.0 100.0 0.0 0.0 normal
0.0 0.0 0.0 0.0 0.0 0.0 0.0 0.0 100.0 0.0 0.0 normal
0.0 0.0 10.0 10.0 0.0 0.0 0.0 0.0 100.0 0.0 10.0 normal
0.0 0.0 10.0 10.0 0.0 0.0 0.0 0.0 100.0 0.0 0.0 normal
0.0 0.0 0.0 10.0 0.0 0.0 0.0 0.0 100.0 0.0 10.0 normal
0.0 0.0 10.0 10.0 0.0 0.0 0.0 0.0 100.0 0.0 10.0 normal
0.0 0.0 0.0 10.0 0.0 0.0 0.0 0.0 100.0 0.0 10.0 normal
0.0 0.0 10.0 10.0 0.0 0.0 0.0 0.0 100.0 0.0 10.0 normal
0.0 0.0 0.0 0.0 0.0 0.0 0.0 0.0 100.0 0.0 0.0 normal
0.0 0.0 10.0 10.0 0.0 0.0 0.0 0.0 100.0 0.0 0.0 normal
0.0 0.0 0.0 0.0 0.0 0.0 0.0 0.0 100.0 0.0 0.0 normal
0.0 0.0 0.0 0.0 0.0 0.0 0.0 0.0 100.0 0.0 10.0 normal
0.0 0.0 10.0 10.0 0.0 0.0 0.0 0.0 100.0 0.0 10.0 normal
0.0 0.0 0.0 10.0 0.0 0.0 0.0 0.0 100.0 0.0 10.0 normal
0.0 0.0 0.0 0.0 0.0 0.0 0.0 0.0 100.0 0.0 0.0 normal
0.0 0.0 0.0 0.0 0.0 0.0 0.0 0.0 100.0 0.0 0.0 normal
0.0 0.0 10.0 10.0 0.0 0.0 0.0 0.0 100.0 0.0 0.0 normal
0.0 0.0 0.0 0.0 0.0 0.0 0.0 0.0 100.0 0.0 0.0 normal
0.0 0.0 10.0 10.0 0.0 0.0 0.0 0.0 100.0 0.0 0.0 normal
0.0 0.0 0.0 0.0 0.0 0.0 0.0 0.0 100.0 0.0 0.0 normal
0.0 0.0 0.0 0.0 0.0 0.0 0.0 0.0 100.0 0.0 30.0 normal
0.0 0.0 10.0 10.0 0.0 0.0 0.0 0.0 100.0 0.0 10.0 normal
0.0 0.0 10.0 10.0 0.0 0.0 0.0 0.0 100.0 0.0 0.0 normal
0.0 0.0 0.0 10.0 0.0 0.0 0.0 0.0 100.0 0.0 10.0 normal
0.0 0.0 10.0 10.0 0.0 0.0 0.0 0.0 100.0 0.0 0.0 normal
0.0 0.0 10.0 10.0 0.0 0.0 0.0 0.0 100.0 0.0 0.0 normal
0.0 0.0 0.0 10.0 0.0 0.0 0.0 0.0 100.0 0.0 0.0 normal
0.0 0.0 0.0 0.0 0.0 0.0 0.0 0.0 100.0 0.0 0.0 normal
0.0 0.0 0.0 0.0 0.0 0.0 0.0 0.0 100.0 0.0 0.0 normal
0.0 0.0 0.0 10.0 0.0 0.0 0.0 0.0 100.0 0.0 0.0 normal
0.0 0.0 0.0 0.0 0.0 0.0 0.0 0.0 100.0 0.0 0.0 normal
0.0 0.0 0.0 0.0 0.0 0.0 0.0 0.0 100.0 0.0 0.0 normal
0.0 0.0 0.0 0.0 0.0 0.0 0.0 0.0 100.0 0.0 0.0 normal
0.0 0.0 0.0 10.0 0.0 0.0 0.0 0.0 100.0 0.0 0.0 normal
0.0 0.0 0.0 0.0 0.0 0.0 0.0 0.0 100.0 0.0 0.0 normal
0.0 0.0 0.0 0.0 0.0 0.0 0.0 0.0 100.0 0.0 0.0 normal
0.0 0.0 0.0 0.0 0.0 0.0 0.0 0.0 100.0 0.0 0.0 normal
0.0 0.0 10.0 10.0 0.0 0.0 0.0 0.0 100.0 0.0 0.0 normal
0.0 0.0 10.0 10.0 0.0 0.0 0.0 0.0 100.0 0.0 0.0 normal
0.0 0.0 0.0 0.0 0.0 0.0 0.0 0.0 100.0 0.0 0.0 normal
0.0 0.0 10.0 10.0 0.0 0.0 0.0 0.0 100.0 0.0 0.0 normal
0.0 0.0 10.0 10.0 0.0 0.0 0.0 0.0 100.0 0.0 0.0 normal
0.0 0.0 0.0 0.0 0.0 0.0 0.0 0.0 100.0 0.0 0.0 normal
0.0 0.0 0.0 0.0 0.0 0.0 0.0 0.0 100.0 0.0 0.0 normal
0.0 0.0 10.0 10.0 0.0 0.0 0.0 0.0 100.0 0.0 10.0 normal
0.0 0.0 0.0 0.0 0.0 0.0 0.0 0.0 100.0 0.0 30.0 normal
0.0 0.0 0.0 0.0 0.0 0.0 0.0 0.0 100.0 0.0 0.0 normal
0.0 0.0 0.0 0.0 0.0 0.0 0.0 0.0 100.0 0.0 0.0 normal
0.0 0.0 0.0 0.0 0.0 0.0 0.0 0.0 100.0 0.0 0.0 normal
0.0 0.0 0.0 0.0 0.0 0.0 0.0 0.0 100.0 0.0 0.0 normal
0.0 0.0 0.0 10.0 0.0 0.0 0.0 0.0 100.0 0.0 10.0 normal
0.0 0.0 0.0 0.0 0.0 0.0 0.0 0.0 100.0 0.0 0.0 normal
0.0 0.0 0.0 0.0 0.0 0.0 0.0 0.0 100.0 0.0 0.0 normal
0.0 0.0 0.0 0.0 0.0 0.0 0.0 0.0 100.0 0.0 0.0 normal
0.0 0.0 0.0 0.0 0.0 0.0 0.0 0.0 100.0 0.0 0.0 normal
0.0 0.0 0.0 0.0 0.0 0.0 0.0 0.0 100.0 0.0 0.0 normal
0.0 0.0 0.0 0.0 0.0 0.0 0.0 0.0 100.0 0.0 0.0 normal
0.0 0.0 0.0 0.0 30.0 30.0 0.0 0.0 100.0 0.0 0.0 normal
0.0 0.0 0.0 0.0 0.0 0.0 0.0 0.0 100.0 0.0 0.0 normal
0.0 0.0 0.0 0.0 0.0 0.0 0.0 0.0 100.0 0.0 0.0 normal
0.0 0.0 0.0 0.0 0.0 0.0 0.0 0.0 100.0 0.0 0.0 normal
0.0 0.0 0.0 0.0 0.0 0.0 0.0 0.0 100.0 0.0 0.0 normal
0.0 0.0 0.0 0.0 0.0 0.0 0.0 0.0 100.0 0.0 0.0 normal
0.0 0.0 0.0 0.0 0.0 0.0 0.0 0.0 100.0 0.0 0.0 normal
0.0 0.0 0.0 0.0 0.0 0.0 0.0 0.0 100.0 0.0 0.0 normal
0.0 0.0 0.0 0.0 0.0 0.0 0.0 0.0 100.0 0.0 0.0 normal
0.0 0.0 0.0 0.0 0.0 0.0 0.0 0.0 100.0 0.0 0.0 normal
0.0 0.0 10.0 10.0 0.0 0.0 0.0 0.0 100.0 0.0 0.0 normal
0.0 0.0 10.0 10.0 0.0 0.0 0.0 0.0 100.0 0.0 0.0 normal
0.0 0.0 0.0 0.0 0.0 0.0 0.0 0.0 100.0 0.0 0.0 normal
0.0 0.0 0.0 0.0 0.0 0.0 0.0 0.0 100.0 0.0 0.0 normal
0.0 0.0 0.0 0.0 0.0 0.0 0.0 0.0 100.0 0.0 30.0 normal
0.0 0.0 0.0 0.0 0.0 0.0 0.0 0.0 100.0 0.0 0.0 normal
0.0 0.0 0.0 0.0 0.0 0.0 0.0 0.0 100.0 0.0 0.0 normal
0.0 0.0 0.0 0.0 0.0 0.0 0.0 0.0 100.0 0.0 0.0 normal
0.0 0.0 0.0 0.0 0.0 0.0 0.0 0.0 100.0 0.0 0.0 normal
0.0 0.0 0.0 0.0 0.0 0.0 0.0 0.0 100.0 0.0 0.0 normal
0.0 0.0 0.0 0.0 0.0 0.0 0.0 0.0 100.0 0.0 0.0 normal
0.0 0.0 0.0 0.0 0.0 0.0 0.0 0.0 100.0 0.0 0.0 normal
0.0 0.0 0.0 0.0 0.0 0.0 0.0 0.0 100.0 0.0 0.0 normal
0.0 0.0 10.0 10.0 0.0 0.0 0.0 0.0 100.0 0.0 0.0 normal
0.0 0.0 0.0 0.0 0.0 0.0 0.0 0.0 100.0 0.0 0.0 normal
0.0 0.0 0.0 0.0 0.0 0.0 0.0 0.0 100.0 0.0 0.0 normal
0.0 0.0 0.0 0.0 0.0 0.0 0.0 0.0 100.0 0.0 0.0 normal
0.0 0.0 10.0 10.0 0.0 0.0 0.0 0.0 100.0 0.0 0.0 normal
0.0 0.0 0.0 0.0 0.0 0.0 0.0 0.0 100.0 0.0 0.0 normal
0.0 0.0 0.0 0.0 0.0 0.0 0.0 0.0 100.0 0.0 0.0 normal
0.0 0.0 0.0 0.0 0.0 0.0 0.0 0.0 100.0 0.0 0.0 normal
0.0 0.0 0.0 0.0 0.0 0.0 0.0 0.0 100.0 0.0 0.0 normal
0.0 0.0 10.0 10.0 0.0 0.0 0.0 0.0 100.0 0.0 0.0 normal
0.0 0.0 0.0 0.0 0.0 0.0 0.0 0.0 100.0 0.0 30.0 normal
0.0 0.0 10.0 10.0 0.0 0.0 0.0 0.0 100.0 0.0 10.0 normal
0.0 0.0 0.0 0.0 0.0 0.0 0.0 0.0 100.0 0.0 0.0 normal
0.0 0.0 10.0 10.0 0.0 0.0 0.0 0.0 100.0 0.0 0.0 normal
0.0 0.0 0.0 0.0 0.0 0.0 0.0 0.0 100.0 0.0 30.0 normal
0.0 0.0 0.0 0.0 0.0 0.0 0.0 0.0 100.0 0.0 0.0 normal
0.0 0.0 0.0 0.0 0.0 0.0 0.0 0.0 100.0 0.0 0.0 normal
0.0 0.0 10.0 10.0 0.0 0.0 0.0 0.0 100.0 0.0 0.0 normal
0.0 0.0 10.0 10.0 0.0 0.0 0.0 0.0 100.0 0.0 0.0 normal
0.0 0.0 0.0 0.0 0.0 0.0 0.0 0.0 100.0 0.0 0.0 normal
0.0 0.0 0.0 0.0 0.0 0.0 0.0 0.0 100.0 0.0 0.0 normal
0.0 0.0 10.0 10.0 0.0 0.0 0.0 0.0 100.0 0.0 0.0 normal
0.0 0.0 0.0 0.0 0.0 0.0 0.0 0.0 100.0 0.0 0.0 normal
0.0 0.0 0.0 0.0 0.0 0.0 0.0 0.0 100.0 0.0 0.0 normal
0.0 0.0 0.0 0.0 0.0 0.0 0.0 0.0 100.0 0.0 0.0 normal
0.0 0.0 0.0 0.0 0.0 0.0 0.0 0.0 100.0 0.0 0.0 normal
0.0 0.0 0.0 0.0 0.0 0.0 0.0 0.0 100.0 0.0 0.0 normal
0.0 0.0 0.0 0.0 0.0 0.0 0.0 0.0 100.0 0.0 0.0 normal
0.0 0.0 10.0 10.0 0.0 0.0 0.0 0.0 100.0 0.0 0.0 normal
0.0 0.0 0.0 0.0 0.0 0.0 0.0 0.0 100.0 0.0 0.0 normal
0.0 0.0 10.0 10.0 0.0 0.0 0.0 0.0 100.0 0.0 0.0 normal
0.0 0.0 0.0 0.0 0.0 0.0 0.0 0.0 100.0 0.0 0.0 normal
0.0 0.0 0.0 0.0 0.0 0.0 0.0 0.0 100.0 0.0 0.0 normal
0.0 0.0 0.0 0.0 0.0 0.0 0.0 0.0 100.0 0.0 0.0 normal
0.0 0.0 0.0 0.0 0.0 0.0 0.0 0.0 100.0 0.0 0.0 normal
0.0 0.0 10.0 10.0 0.0 0.0 0.0 0.0 100.0 0.0 0.0 normal
0.0 0.0 0.0 0.0 0.0 0.0 0.0 0.0 100.0 0.0 0.0 normal
0.0 0.0 0.0 10.0 0.0 0.0 0.0 0.0 100.0 0.0 10.0 normal
0.0 0.0 0.0 0.0 0.0 0.0 0.0 0.0 100.0 0.0 0.0 normal
0.0 0.0 0.0 0.0 0.0 0.0 0.0 0.0 100.0 0.0 0.0 normal
0.0 0.0 0.0 0.0 0.0 0.0 0.0 0.0 100.0 0.0 0.0 normal
0.0 0.0 10.0 10.0 0.0 0.0 0.0 0.0 100.0 0.0 0.0 normal
0.0 0.0 0.0 10.0 0.0 0.0 0.0 0.0 100.0 0.0 0.0 normal
0.0 0.0 0.0 0.0 0.0 0.0 0.0 0.0 100.0 0.0 0.0 normal
0.0 0.0 10.0 10.0 0.0 0.0 0.0 0.0 100.0 0.0 0.0 normal
0.0 0.0 10.0 10.0 0.0 0.0 0.0 0.0 100.0 0.0 30.0 normal
0.0 0.0 0.0 0.0 0.0 0.0 0.0 0.0 100.0 0.0 0.0 normal
0.0 0.0 0.0 0.0 0.0 0.0 0.0 0.0 100.0 0.0 0.0 normal
0.0 0.0 0.0 0.0 0.0 0.0 0.0 0.0 100.0 0.0 0.0 normal
0.0 0.0 0.0 0.0 0.0 0.0 0.0 0.0 100.0 0.0 60.0 normal
0.0 0.0 10.0 10.0 0.0 0.0 0.0 0.0 100.0 0.0 10.0 normal
0.0 0.0 0.0 10.0 0.0 0.0 0.0 0.0 100.0 0.0 0.0 normal
0.0 0.0 0.0 0.0 0.0 0.0 0.0 0.0 100.0 0.0 0.0 normal
0.0 0.0 0.0 0.0 0.0 0.0 0.0 0.0 100.0 0.0 0.0 normal
0.0 0.0 0.0 0.0 0.0 0.0 0.0 0.0 100.0 0.0 0.0 normal
0.0 0.0 0.0 0.0 0.0 0.0 0.0 0.0 100.0 0.0 0.0 normal
0.0 0.0 0.0 0.0 0.0 0.0 0.0 0.0 100.0 0.0 0.0 normal
0.0 0.0 0.0 0.0 0.0 0.0 0.0 0.0 100.0 0.0 0.0 normal
0.0 0.0 0.0 0.0 0.0 0.0 0.0 0.0 100.0 0.0 0.0 normal
0.0 0.0 0.0 0.0 0.0 0.0 0.0 0.0 100.0 0.0 100.0 normal
0.0 0.0 0.0 0.0 0.0 0.0 0.0 0.0 100.0 0.0 0.0 normal
0.0 0.0 0.0 0.0 0.0 0.0 0.0 0.0 60.0 100.0 0.0 normal
0.0 2 0.0 0.0 0.0 0.0 0.0 0.0 100.0 0.0 100.0 normal
0.0 2 0.0 0.0 0.0 0.0 0.0 0.0 100.0 0.0 0.0 normal
0.0 0.0 0.0 0.0 0.0 0.0 0.0 0.0 100.0 0.0 0.0 normal
0.0 0.0 0.0 0.0 0.0 0.0 0.0 0.0 100.0 0.0 100.0 normal
0.0 2 0.0 0.0 0.0 0.0 0.0 0.0 100.0 0.0 80.0 normal
0.0 0.0 0.0 0.0 0.0 0.0 0.0 0.0 100.0 0.0 0.0 normal
0.0 2 0.0 0.0 0.0 0.0 0.0 0.0 100.0 0.0 100.0 normal
0.0 0.0 0.0 0.0 0.0 0.0 0.0 0.0 100.0 0.0 0.0 normal
0.0 0.0 0.0 0.0 0.0 0.0 0.0 0.0 30.0 60.0 0.0 normal
0.0 0.0 0.0 0.0 0.0 0.0 0.0 0.0 100.0 0.0 0.0 normal
0.0 0.0 0.0 0.0 0.0 0.0 0.0 0.0 100.0 0.0 0.0 normal
0.0 2 0.0 0.0 0.0 0.0 0.0 0.0 100.0 0.0 100.0 normal
0.0 0.0 0.0 0.0 0.0 0.0 0.0 0.0 100.0 0.0 0.0 normal
0.0 2 0.0 0.0 0.0 0.0 0.0 0.0 100.0 0.0 80.0 normal
0.0 0.0 0.0 0.0 0.0 0.0 0.0 0.0 60.0 100.0 0.0 normal
0.0 0.0 0.0 0.0 0.0 0.0 0.0 0.0 100.0 0.0 0.0 normal
0.0 0.0 0.0 0.0 0.0 0.0 0.0 0.0 100.0 0.0 30.0 normal
0.0 0.0 0.0 10.0 0.0 0.0 0.0 0.0 100.0 0.0 10.0 normal
0.0 0.0 10.0 10.0 0.0 0.0 0.0 0.0 100.0 0.0 0.0 normal
0.0 0.0 0.0 0.0 0.0 0.0 0.0 0.0 100.0 0.0 0.0 normal
0.0 0.0 0.0 0.0 0.0 0.0 0.0 0.0 100.0 0.0 0.0 normal
0.0 0.0 0.0 0.0 0.0 0.0 0.0 0.0 100.0 0.0 0.0 normal
0.0 0.0 0.0 0.0 0.0 0.0 0.0 0.0 100.0 0.0 0.0 normal
0.0 0.0 0.0 0.0 0.0 0.0 0.0 0.0 100.0 0.0 0.0 normal
0.0 0.0 10.0 10.0 0.0 0.0 0.0 0.0 100.0 0.0 0.0 normal
0.0 0.0 10.0 10.0 0.0 0.0 0.0 0.0 100.0 0.0 10.0 normal
0.0 0.0 0.0 10.0 0.0 0.0 0.0 0.0 100.0 0.0 10.0 normal
0.0 0.0 0.0 10.0 0.0 0.0 0.0 0.0 100.0 0.0 0.0 normal
0.0 0.0 0.0 0.0 0.0 0.0 0.0 0.0 100.0 0.0 0.0 normal
0.0 0.0 0.0 10.0 0.0 0.0 0.0 0.0 100.0 0.0 10.0 normal
0.0 0.0 0.0 0.0 0.0 0.0 0.0 0.0 100.0 0.0 0.0 normal
0.0 0.0 0.0 0.0 0.0 0.0 0.0 0.0 100.0 0.0 60.0 normal
0.0 0.0 0.0 0.0 0.0 0.0 0.0 0.0 100.0 0.0 0.0 normal
0.0 0.0 0.0 0.0 0.0 0.0 0.0 0.0 100.0 0.0 0.0 normal
0.0 0.0 0.0 0.0 0.0 0.0 0.0 0.0 100.0 0.0 0.0 normal
0.0 0.0 0.0 0.0 0.0 0.0 0.0 0.0 100.0 0.0 0.0 normal
0.0 0.0 10.0 10.0 0.0 0.0 0.0 0.0 100.0 0.0 0.0 normal
0.0 0.0 0.0 0.0 0.0 0.0 0.0 0.0 100.0 0.0 0.0 normal
0.0 0.0 0.0 10.0 0.0 0.0 0.0 0.0 100.0 0.0 0.0 normal
0.0 0.0 0.0 0.0 0.0 0.0 0.0 0.0 100.0 0.0 0.0 normal
0.0 0.0 0.0 0.0 0.0 0.0 0.0 0.0 100.0 0.0 0.0 normal
0.0 0.0 10.0 10.0 0.0 0.0 0.0 0.0 100.0 0.0 0.0 normal
0.0 0.0 10.0 10.0 0.0 0.0 0.0 0.0 100.0 0.0 0.0 normal
0.0 0.0 0.0 0.0 0.0 0.0 0.0 0.0 100.0 0.0 0.0 normal
0.0 0.0 0.0 0.0 0.0 0.0 0.0 0.0 100.0 0.0 0.0 normal
0.0 0.0 0.0 0.0 0.0 0.0 0.0 0.0 100.0 0.0 0.0 normal
0.0 0.0 0.0 0.0 0.0 0.0 0.0 0.0 100.0 0.0 0.0 normal
0.0 0.0 0.0 0.0 0.0 0.0 0.0 0.0 100.0 0.0 0.0 normal
0.0 0.0 10.0 10.0 0.0 0.0 0.0 0.0 100.0 0.0 0.0 normal
0.0 0.0 0.0 0.0 0.0 0.0 0.0 0.0 100.0 0.0 0.0 normal
0.0 0.0 0.0 0.0 0.0 0.0 0.0 0.0 100.0 0.0 0.0 normal
0.0 0.0 0.0 0.0 0.0 0.0 0.0 0.0 100.0 0.0 0.0 normal
0.0 0.0 0.0 0.0 0.0 0.0 0.0 0.0 100.0 0.0 0.0 normal
0.0 0.0 0.0 0.0 0.0 0.0 0.0 0.0 100.0 0.0 0.0 normal
0.0 0.0 0.0 0.0 0.0 0.0 0.0 0.0 100.0 0.0 0.0 normal
0.0 0.0 10.0 10.0 0.0 0.0 0.0 0.0 100.0 0.0 0.0 normal
0.0 0.0 0.0 0.0 0.0 0.0 0.0 0.0 100.0 0.0 0.0 normal
0.0 0.0 0.0 0.0 0.0 0.0 0.0 0.0 100.0 0.0 0.0 normal
0.0 0.0 10.0 10.0 0.0 0.0 0.0 0.0 100.0 0.0 0.0 normal
0.0 0.0 0.0 0.0 0.0 0.0 0.0 0.0 100.0 0.0 0.0 normal
0.0 0.0 0.0 0.0 0.0 0.0 0.0 0.0 100.0 0.0 0.0 normal
0.0 0.0 0.0 0.0 0.0 0.0 0.0 0.0 100.0 0.0 0.0 normal
0.0 0.0 10.0 10.0 0.0 0.0 0.0 0.0 100.0 0.0 0.0 normal
0.0 0.0 0.0 0.0 0.0 0.0 0.0 0.0 100.0 0.0 0.0 normal
0.0 0.0 0.0 0.0 0.0 0.0 0.0 0.0 100.0 0.0 0.0 normal
0.0 0.0 10.0 10.0 0.0 0.0 0.0 0.0 100.0 0.0 0.0 normal
0.0 0.0 0.0 10.0 0.0 0.0 0.0 0.0 100.0 0.0 10.0 normal
0.0 0.0 0.0 0.0 0.0 0.0 0.0 0.0 100.0 0.0 30.0 normal
0.0 0.0 0.0 0.0 0.0 0.0 0.0 0.0 100.0 0.0 0.0 normal
0.0 0.0 10.0 10.0 0.0 0.0 0.0 0.0 100.0 0.0 0.0 normal
0.0 0.0 0.0 0.0 0.0 0.0 0.0 0.0 100.0 0.0 0.0 normal
0.0 0.0 0.0 0.0 0.0 0.0 0.0 0.0 100.0 0.0 0.0 normal
0.0 0.0 10.0 10.0 0.0 0.0 0.0 0.0 100.0 0.0 0.0 normal
0.0 0.0 0.0 0.0 0.0 0.0 0.0 0.0 100.0 0.0 0.0 normal
0.0 0.0 0.0 0.0 0.0 0.0 0.0 0.0 100.0 0.0 0.0 normal
0.0 0.0 0.0 0.0 0.0 0.0 0.0 0.0 100.0 0.0 0.0 normal
0.0 0.0 10.0 10.0 0.0 0.0 0.0 0.0 100.0 0.0 0.0 normal
0.0 0.0 0.0 0.0 0.0 0.0 0.0 0.0 100.0 0.0 0.0 normal
0.0 0.0 0.0 0.0 0.0 0.0 0.0 0.0 100.0 0.0 0.0 normal
0.0 0.0 0.0 0.0 0.0 0.0 0.0 0.0 100.0 0.0 0.0 normal
0.0 0.0 10.0 10.0 0.0 0.0 0.0 0.0 100.0 0.0 0.0 normal
0.0 0.0 10.0 10.0 0.0 0.0 0.0 0.0 100.0 0.0 0.0 normal
0.0 0.0 0.0 0.0 0.0 0.0 0.0 0.0 100.0 0.0 0.0 normal
0.0 0.0 0.0 0.0 0.0 0.0 0.0 0.0 100.0 0.0 0.0 normal
0.0 0.0 10.0 10.0 0.0 0.0 0.0 0.0 100.0 0.0 0.0 normal
0.0 0.0 0.0 0.0 0.0 0.0 0.0 0.0 100.0 0.0 0.0 normal
0.0 0.0 0.0 0.0 0.0 0.0 0.0 0.0 100.0 0.0 0.0 normal
0.0 0.0 0.0 0.0 0.0 0.0 0.0 0.0 100.0 0.0 0.0 normal
0.0 0.0 10.0 10.0 0.0 0.0 0.0 0.0 100.0 0.0 0.0 normal
0.0 0.0 0.0 0.0 0.0 0.0 0.0 0.0 100.0 0.0 0.0 normal
0.0 0.0 0.0 0.0 0.0 0.0 0.0 0.0 100.0 0.0 0.0 normal
0.0 0.0 10.0 10.0 0.0 0.0 0.0 0.0 100.0 0.0 0.0 normal
0.0 0.0 10.0 10.0 0.0 0.0 0.0 0.0 100.0 0.0 0.0 normal
0.0 0.0 0.0 0.0 0.0 0.0 0.0 0.0 100.0 0.0 0.0 normal
0.0 0.0 0.0 0.0 0.0 0.0 0.0 0.0 100.0 0.0 0.0 normal
0.0 0.0 10.0 10.0 0.0 0.0 0.0 0.0 100.0 0.0 0.0 normal
0.0 0.0 0.0 0.0 0.0 0.0 0.0 0.0 100.0 0.0 0.0 normal
0.0 0.0 0.0 0.0 0.0 0.0 0.0 0.0 100.0 0.0 0.0 normal
0.0 0.0 10.0 10.0 0.0 0.0 0.0 0.0 100.0 0.0 0.0 normal
0.0 0.0 0.0 0.0 0.0 0.0 0.0 0.0 100.0 0.0 0.0 normal
0.0 0.0 0.0 0.0 0.0 0.0 0.0 0.0 100.0 0.0 0.0 normal
0.0 0.0 10.0 10.0 0.0 0.0 0.0 0.0 100.0 0.0 0.0 normal
0.0 0.0 0.0 0.0 0.0 0.0 0.0 0.0 100.0 0.0 0.0 normal
0.0 0.0 0.0 0.0 0.0 0.0 0.0 0.0 100.0 0.0 60.0 normal
0.0 0.0 10.0 10.0 0.0 0.0 0.0 0.0 100.0 0.0 10.0 normal
0.0 0.0 10.0 10.0 0.0 0.0 0.0 0.0 100.0 0.0 0.0 normal
0.0 0.0 0.0 0.0 0.0 0.0 0.0 0.0 100.0 0.0 0.0 normal
0.0 0.0 0.0 0.0 0.0 0.0 0.0 0.0 100.0 0.0 0.0 normal
0.0 0.0 10.0 10.0 0.0 0.0 0.0 0.0 100.0 0.0 0.0 normal
0.0 0.0 0.0 0.0 0.0 0.0 0.0 0.0 100.0 0.0 0.0 normal
0.0 0.0 0.0 0.0 0.0 0.0 0.0 0.0 100.0 0.0 0.0 normal
0.0 0.0 0.0 0.0 0.0 0.0 0.0 0.0 100.0 0.0 0.0 normal
0.0 0.0 0.0 0.0 0.0 0.0 0.0 0.0 100.0 0.0 0.0 normal
0.0 0.0 10.0 10.0 0.0 0.0 0.0 0.0 100.0 0.0 0.0 normal
0.0 0.0 0.0 0.0 0.0 0.0 0.0 0.0 100.0 0.0 0.0 normal
0.0 0.0 10.0 10.0 0.0 0.0 0.0 0.0 100.0 0.0 0.0 normal
0.0 0.0 0.0 10.0 0.0 0.0 0.0 0.0 100.0 0.0 10.0 normal
0.0 0.0 10.0 10.0 0.0 0.0 0.0 0.0 100.0 0.0 30.0 normal
0.0 0.0 10.0 10.0 0.0 0.0 0.0 0.0 100.0 0.0 10.0 normal
0.0 0.0 10.0 10.0 0.0 0.0 0.0 0.0 100.0 0.0 10.0 normal
0.0 0.0 0.0 0.0 0.0 0.0 0.0 0.0 100.0 0.0 0.0 normal
0.0 0.0 0.0 0.0 0.0 0.0 0.0 0.0 100.0 0.0 0.0 normal
0.0 0.0 10.0 10.0 0.0 0.0 0.0 0.0 100.0 0.0 0.0 normal
0.0 0.0 0.0 0.0 0.0 0.0 0.0 0.0 100.0 0.0 0.0 normal
0.0 0.0 10.0 10.0 0.0 0.0 0.0 0.0 100.0 0.0 0.0 normal
0.0 0.0 0.0 0.0 0.0 0.0 0.0 0.0 100.0 0.0 0.0 normal
0.0 0.0 10.0 10.0 0.0 0.0 0.0 0.0 100.0 0.0 10.0 normal
0.0 0.0 0.0 0.0 0.0 0.0 0.0 0.0 100.0 0.0 0.0 normal
0.0 0.0 10.0 10.0 0.0 0.0 0.0 0.0 100.0 0.0 0.0 normal
0.0 0.0 0.0 0.0 0.0 0.0 0.0 0.0 100.0 0.0 0.0 normal
0.0 0.0 10.0 10.0 10.0 10.0 0.0 0.0 100.0 0.0 0.0 normal
0.0 0.0 0.0 10.0 0.0 0.0 0.0 0.0 100.0 0.0 10.0 normal
0.0 0.0 10.0 10.0 0.0 0.0 0.0 0.0 100.0 0.0 0.0 normal
0.0 0.0 0.0 0.0 0.0 0.0 0.0 0.0 100.0 0.0 30.0 normal
0.0 0.0 0.0 0.0 0.0 0.0 0.0 0.0 100.0 0.0 0.0 normal
0.0 0.0 0.0 10.0 0.0 0.0 0.0 0.0 100.0 0.0 0.0 normal
0.0 0.0 0.0 0.0 0.0 0.0 0.0 0.0 100.0 0.0 0.0 normal
0.0 0.0 0.0 0.0 0.0 0.0 0.0 0.0 100.0 0.0 30.0 normal
0.0 0.0 0.0 0.0 0.0 0.0 0.0 0.0 100.0 0.0 0.0 normal
0.0 0.0 10.0 10.0 0.0 0.0 0.0 0.0 100.0 0.0 0.0 normal
0.0 0.0 0.0 0.0 0.0 0.0 0.0 0.0 100.0 0.0 0.0 normal
0.0 0.0 0.0 0.0 0.0 0.0 0.0 0.0 100.0 0.0 0.0 normal
0.0 0.0 0.0 0.0 0.0 0.0 0.0 0.0 100.0 0.0 0.0 normal
0.0 0.0 0.0 0.0 0.0 0.0 0.0 0.0 100.0 0.0 0.0 normal
0.0 0.0 0.0 10.0 0.0 0.0 0.0 0.0 100.0 0.0 0.0 normal
0.0 0.0 0.0 0.0 0.0 0.0 0.0 0.0 100.0 0.0 0.0 normal
0.0 0.0 0.0 0.0 0.0 0.0 0.0 0.0 100.0 0.0 0.0 normal
0.0 0.0 10.0 10.0 0.0 0.0 0.0 0.0 100.0 0.0 0.0 normal
0.0 0.0 10.0 10.0 0.0 0.0 0.0 0.0 100.0 0.0 0.0 normal
0.0 0.0 10.0 10.0 0.0 0.0 0.0 0.0 100.0 0.0 0.0 normal
0.0 0.0 10.0 10.0 0.0 0.0 0.0 0.0 100.0 0.0 10.0 normal
0.0 0.0 0.0 0.0 0.0 0.0 0.0 0.0 100.0 0.0 0.0 normal
0.0 0.0 10.0 10.0 0.0 0.0 0.0 0.0 100.0 0.0 0.0 normal
0.0 0.0 0.0 0.0 0.0 0.0 0.0 0.0 100.0 0.0 0.0 normal
0.0 0.0 0.0 0.0 0.0 0.0 0.0 0.0 100.0 0.0 0.0 normal
0.0 0.0 10.0 10.0 0.0 0.0 0.0 0.0 100.0 0.0 0.0 normal
0.0 0.0 10.0 10.0 0.0 0.0 0.0 0.0 100.0 0.0 0.0 normal
0.0 0.0 0.0 10.0 0.0 0.0 0.0 0.0 100.0 0.0 10.0 normal
0.0 0.0 10.0 10.0 0.0 0.0 0.0 0.0 100.0 0.0 0.0 normal
0.0 0.0 10.0 10.0 0.0 0.0 0.0 0.0 100.0 0.0 0.0 normal
0.0 0.0 0.0 0.0 0.0 0.0 0.0 0.0 100.0 0.0 0.0 normal
0.0 0.0 10.0 10.0 0.0 0.0 0.0 0.0 100.0 0.0 0.0 normal
0.0 0.0 0.0 0.0 0.0 0.0 0.0 0.0 100.0 0.0 0.0 normal
0.0 0.0 10.0 10.0 0.0 0.0 0.0 0.0 100.0 0.0 0.0 normal
0.0 0.0 0.0 0.0 0.0 0.0 0.0 0.0 100.0 0.0 0.0 normal
0.0 0.0 10.0 10.0 0.0 0.0 0.0 0.0 100.0 0.0 0.0 normal
0.0 0.0 0.0 0.0 0.0 0.0 0.0 0.0 100.0 0.0 0.0 normal
0.0 0.0 10.0 10.0 0.0 0.0 0.0 0.0 100.0 0.0 0.0 normal
0.0 0.0 0.0 0.0 0.0 0.0 0.0 0.0 100.0 0.0 0.0 normal
0.0 0.0 0.0 0.0 0.0 0.0 0.0 0.0 100.0 0.0 0.0 normal
10.0 0.0 0.0 0.0 0.0 0.0 0.0 0.0 100.0 0.0 0.0 normal
0.0 0.0 0.0 0.0 0.0 0.0 0.0 0.0 100.0 0.0 0.0 normal
0.0 0.0 0.0 0.0 0.0 0.0 0.0 0.0 100.0 0.0 0.0 normal
0.0 0.0 0.0 0.0 0.0 0.0 0.0 0.0 100.0 0.0 0.0 normal
0.0 0.0 10.0 10.0 0.0 0.0 0.0 0.0 100.0 0.0 0.0 normal
0.0 0.0 0.0 0.0 0.0 0.0 0.0 0.0 100.0 0.0 0.0 normal
0.0 0.0 0.0 0.0 0.0 0.0 0.0 0.0 100.0 0.0 30.0 normal
0.0 0.0 10.0 10.0 0.0 0.0 0.0 0.0 100.0 0.0 10.0 normal
0.0 0.0 10.0 10.0 0.0 0.0 0.0 0.0 100.0 0.0 0.0 normal
0.0 0.0 0.0 0.0 0.0 0.0 0.0 0.0 100.0 0.0 0.0 normal
0.0 0.0 10.0 10.0 0.0 0.0 0.0 0.0 100.0 0.0 0.0 normal
0.0 0.0 10.0 10.0 0.0 0.0 0.0 0.0 100.0 0.0 0.0 normal
0.0 0.0 10.0 10.0 0.0 0.0 0.0 0.0 100.0 0.0 0.0 normal
0.0 0.0 0.0 0.0 0.0 0.0 0.0 0.0 100.0 0.0 100.0 normal
0.0 0.0 0.0 0.0 0.0 0.0 0.0 0.0 100.0 0.0 10.0 normal
0.0 0.0 0.0 10.0 0.0 0.0 0.0 0.0 100.0 0.0 10.0 normal
0.0 0.0 0.0 10.0 0.0 0.0 0.0 0.0 100.0 0.0 10.0 normal
0.0 0.0 0.0 0.0 80.0 100.0 0.0 0.0 80.0 30.0 0.0 neptune
0.0 0.0 10.0 10.0 80.0 100.0 0.0 0.0 80.0 10.0 0.0 neptune
0.0 0.0 10.0 0.0 100.0 100.0 0.0 0.0 0.0 0.0 0.0 neptune
0.0 0.0 100.0 0.0 100.0 100.0 0.0 0.0 0.0 0.0 0.0 neptune
0.0 0.0 100.0 10.0 100.0 100.0 0.0 0.0 10.0 0.0 0.0 neptune
0.0 0.0 100.0 0.0 100.0 100.0 0.0 0.0 0.0 0.0 0.0 neptune
0.0 0.0 100.0 10.0 100.0 100.0 0.0 0.0 10.0 0.0 0.0 neptune
0.0 0.0 100.0 0.0 100.0 100.0 0.0 0.0 0.0 0.0 0.0 neptune
0.0 0.0 100.0 10.0 100.0 100.0 0.0 0.0 10.0 0.0 0.0 neptune
0.0 0.0 100.0 0.0 100.0 100.0 0.0 0.0 0.0 0.0 0.0 neptune
0.0 0.0 100.0 10.0 100.0 100.0 0.0 0.0 0.0 0.0 0.0 neptune
0.0 0.0 100.0 0.0 100.0 100.0 0.0 0.0 0.0 0.0 0.0 neptune
0.0 0.0 100.0 10.0 100.0 100.0 0.0 0.0 0.0 0.0 0.0 neptune
0.0 0.0 100.0 10.0 100.0 100.0 0.0 0.0 10.0 0.0 0.0 neptune
0.0 0.0 100.0 10.0 100.0 100.0 0.0 0.0 0.0 0.0 0.0 neptune
0.0 0.0 100.0 10.0 100.0 100.0 0.0 0.0 10.0 0.0 0.0 neptune
0.0 0.0 10.0 10.0 100.0 100.0 0.0 0.0 10.0 0.0 0.0 neptune
0.0 0.0 10.0 10.0 100.0 100.0 0.0 0.0 10.0 0.0 0.0 neptune
0.0 0.0 100.0 0.0 100.0 100.0 0.0 0.0 0.0 0.0 0.0 neptune
0.0 0.0 100.0 10.0 100.0 100.0 0.0 0.0 10.0 0.0 0.0 neptune
0.0 0.0 10.0 0.0 100.0 100.0 0.0 0.0 0.0 0.0 0.0 neptune
0.0 0.0 10.0 10.0 100.0 100.0 0.0 0.0 10.0 0.0 0.0 neptune
0.0 0.0 10.0 0.0 100.0 100.0 0.0 0.0 0.0 0.0 0.0 neptune
0.0 0.0 10.0 0.0 100.0 100.0 0.0 0.0 0.0 0.0 0.0 neptune
0.0 0.0 10.0 10.0 100.0 100.0 0.0 0.0 10.0 0.0 0.0 neptune
0.0 0.0 10.0 10.0 100.0 100.0 0.0 0.0 10.0 0.0 0.0 neptune
0.0 0.0 10.0 10.0 100.0 100.0 0.0 0.0 30.0 0.0 0.0 neptune
0.0 0.0 10.0 0.0 100.0 100.0 0.0 0.0 10.0 0.0 0.0 neptune
0.0 0.0 10.0 0.0 100.0 80.0 0.0 0.0 0.0 10.0 60.0 neptune
0.0 0.0 10.0 0.0 100.0 100.0 0.0 0.0 10.0 0.0 0.0 neptune
0.0 0.0 10.0 0.0 100.0 100.0 0.0 0.0 10.0 0.0 0.0 neptune
0.0 0.0 10.0 10.0 100.0 100.0 0.0 0.0 10.0 0.0 0.0 neptune
0.0 0.0 10.0 10.0 100.0 100.0 0.0 0.0 10.0 0.0 0.0 neptune
0.0 0.0 10.0 0.0 100.0 100.0 0.0 0.0 10.0 0.0 0.0 neptune
0.0 0.0 10.0 0.0 100.0 100.0 0.0 0.0 0.0 0.0 0.0 neptune
0.0 0.0 10.0 0.0 100.0 100.0 0.0 0.0 10.0 0.0 0.0 neptune
0.0 0.0 10.0 10.0 100.0 100.0 0.0 0.0 10.0 0.0 0.0 neptune
0.0 0.0 100.0 10.0 100.0 100.0 0.0 0.0 10.0 0.0 0.0 neptune
0.0 0.0 10.0 0.0 100.0 100.0 0.0 0.0 0.0 0.0 0.0 neptune
0.0 0.0 10.0 10.0 100.0 100.0 0.0 0.0 10.0 0.0 0.0 neptune
0.0 0.0 10.0 10.0 100.0 80.0 0.0 0.0 10.0 0.0 10.0 neptune
0.0 0.0 100.0 10.0 100.0 100.0 0.0 0.0 10.0 0.0 0.0 neptune
0.0 0.0 100.0 10.0 100.0 100.0 0.0 0.0 0.0 0.0 0.0 neptune
0.0 0.0 100.0 10.0 100.0 100.0 0.0 0.0 10.0 0.0 0.0 neptune
0.0 0.0 100.0 0.0 100.0 100.0 0.0 0.0 0.0 0.0 0.0 neptune
0.0 0.0 100.0 10.0 100.0 100.0 0.0 0.0 10.0 0.0 0.0 neptune
0.0 0.0 100.0 0.0 100.0 100.0 0.0 0.0 0.0 0.0 0.0 neptune
0.0 0.0 100.0 10.0 100.0 100.0 0.0 0.0 0.0 0.0 0.0 neptune
0.0 0.0 100.0 10.0 100.0 100.0 0.0 0.0 10.0 0.0 0.0 neptune
0.0 0.0 100.0 0.0 100.0 100.0 0.0 0.0 0.0 0.0 0.0 neptune
0.0 0.0 100.0 0.0 100.0 100.0 0.0 0.0 0.0 0.0 0.0 neptune
0.0 0.0 10.0 0.0 100.0 100.0 0.0 0.0 0.0 0.0 0.0 neptune
0.0 0.0 100.0 0.0 100.0 100.0 0.0 0.0 0.0 0.0 0.0 neptune
0.0 0.0 100.0 10.0 100.0 100.0 0.0 0.0 10.0 0.0 0.0 neptune
0.0 0.0 100.0 10.0 100.0 100.0 0.0 0.0 10.0 0.0 0.0 neptune
0.0 0.0 100.0 0.0 100.0 100.0 0.0 0.0 0.0 0.0 0.0 neptune
0.0 0.0 100.0 10.0 100.0 100.0 0.0 0.0 10.0 0.0 0.0 neptune
0.0 0.0 100.0 0.0 100.0 100.0 0.0 0.0 0.0 0.0 0.0 neptune
0.0 0.0 100.0 10.0 100.0 100.0 0.0 0.0 0.0 0.0 0.0 neptune
0.0 0.0 10.0 0.0 100.0 100.0 0.0 0.0 0.0 0.0 0.0 neptune
0.0 0.0 100.0 10.0 100.0 100.0 0.0 0.0 10.0 0.0 0.0 neptune
0.0 0.0 100.0 10.0 100.0 100.0 0.0 0.0 10.0 0.0 0.0 neptune
0.0 0.0 10.0 10.0 100.0 100.0 0.0 0.0 10.0 0.0 0.0 neptune
0.0 0.0 100.0 10.0 100.0 100.0 0.0 0.0 10.0 0.0 0.0 neptune
0.0 0.0 100.0 10.0 100.0 100.0 0.0 0.0 10.0 0.0 0.0 neptune
0.0 0.0 100.0 0.0 100.0 100.0 0.0 0.0 0.0 0.0 0.0 neptune
0.0 0.0 100.0 10.0 100.0 100.0 0.0 0.0 10.0 0.0 0.0 neptune
0.0 0.0 100.0 10.0 100.0 100.0 0.0 0.0 0.0 0.0 0.0 neptune
0.0 0.0 100.0 10.0 100.0 100.0 0.0 0.0 10.0 0.0 0.0 neptune
0.0 0.0 100.0 10.0 100.0 100.0 0.0 0.0 10.0 0.0 0.0 neptune
0.0 0.0 100.0 0.0 100.0 100.0 0.0 0.0 0.0 0.0 0.0 neptune
0.0 0.0 100.0 0.0 100.0 100.0 0.0 0.0 0.0 0.0 0.0 neptune
0.0 0.0 100.0 10.0 100.0 100.0 0.0 0.0 10.0 0.0 0.0 neptune
0.0 0.0 100.0 0.0 100.0 100.0 0.0 0.0 0.0 0.0 0.0 neptune
0.0 0.0 10.0 0.0 100.0 100.0 0.0 0.0 0.0 0.0 0.0 neptune
0.0 0.0 10.0 0.0 100.0 100.0 0.0 0.0 0.0 0.0 0.0 neptune
0.0 0.0 100.0 10.0 100.0 100.0 0.0 0.0 0.0 0.0 0.0 neptune
0.0 0.0 100.0 10.0 100.0 100.0 0.0 0.0 0.0 0.0 0.0 neptune
0.0 0.0 100.0 10.0 100.0 100.0 0.0 0.0 10.0 0.0 0.0 neptune
0.0 0.0 10.0 0.0 100.0 100.0 0.0 0.0 0.0 0.0 0.0 neptune
0.0 0.0 10.0 0.0 100.0 100.0 0.0 0.0 10.0 0.0 0.0 neptune
0.0 0.0 100.0 10.0 100.0 100.0 0.0 0.0 10.0 0.0 0.0 neptune
0.0 0.0 100.0 10.0 100.0 100.0 0.0 0.0 10.0 0.0 0.0 neptune
0.0 0.0 10.0 0.0 100.0 100.0 0.0 0.0 10.0 0.0 0.0 neptune
0.0 0.0 10.0 10.0 100.0 100.0 0.0 0.0 10.0 0.0 0.0 neptune
0.0 0.0 10.0 10.0 100.0 100.0 0.0 0.0 10.0 0.0 0.0 neptune
0.0 0.0 10.0 0.0 100.0 100.0 0.0 0.0 10.0 0.0 0.0 neptune
0.0 0.0 10.0 0.0 100.0 100.0 0.0 0.0 0.0 0.0 0.0 neptune
0.0 0.0 10.0 0.0 100.0 100.0 0.0 0.0 0.0 0.0 0.0 neptune
0.0 0.0 10.0 10.0 100.0 100.0 0.0 0.0 10.0 0.0 0.0 neptune
0.0 0.0 100.0 10.0 100.0 100.0 0.0 0.0 10.0 0.0 0.0 neptune
0.0 0.0 10.0 0.0 100.0 100.0 0.0 0.0 0.0 0.0 0.0 neptune
0.0 0.0 10.0 0.0 100.0 100.0 0.0 0.0 0.0 0.0 0.0 neptune
0.0 0.0 100.0 0.0 100.0 100.0 0.0 0.0 0.0 0.0 0.0 neptune
0.0 0.0 100.0 10.0 100.0 100.0 0.0 0.0 10.0 0.0 0.0 neptune
0.0 0.0 100.0 10.0 100.0 100.0 0.0 0.0 10.0 0.0 0.0 neptune
0.0 0.0 100.0 10.0 100.0 100.0 0.0 0.0 10.0 0.0 0.0 neptune
0.0 0.0 100.0 0.0 100.0 100.0 0.0 0.0 0.0 0.0 0.0 neptune
0.0 0.0 100.0 10.0 100.0 100.0 0.0 0.0 10.0 0.0 0.0 neptune
0.0 0.0 100.0 10.0 100.0 100.0 0.0 0.0 10.0 0.0 0.0 neptune
0.0 0.0 100.0 0.0 100.0 100.0 0.0 0.0 0.0 0.0 0.0 neptune
0.0 0.0 100.0 10.0 100.0 100.0 0.0 0.0 10.0 0.0 0.0 neptune
0.0 0.0 100.0 0.0 100.0 100.0 0.0 0.0 0.0 0.0 0.0 neptune
0.0 0.0 10.0 10.0 100.0 100.0 0.0 0.0 10.0 0.0 0.0 neptune
0.0 0.0 100.0 0.0 100.0 100.0 0.0 0.0 0.0 0.0 0.0 neptune
0.0 0.0 100.0 10.0 100.0 100.0 0.0 0.0 10.0 0.0 0.0 neptune
0.0 0.0 100.0 0.0 100.0 100.0 0.0 0.0 0.0 0.0 0.0 neptune
0.0 0.0 100.0 10.0 100.0 100.0 0.0 0.0 10.0 0.0 0.0 neptune
0.0 0.0 100.0 0.0 100.0 100.0 0.0 0.0 0.0 0.0 0.0 neptune
0.0 0.0 100.0 10.0 100.0 100.0 0.0 0.0 10.0 0.0 0.0 neptune
0.0 0.0 100.0 0.0 100.0 100.0 0.0 0.0 0.0 0.0 0.0 neptune
0.0 0.0 100.0 10.0 100.0 100.0 0.0 0.0 0.0 0.0 0.0 neptune
0.0 0.0 10.0 0.0 100.0 100.0 0.0 0.0 0.0 0.0 0.0 neptune
0.0 0.0 100.0 0.0 100.0 100.0 0.0 0.0 0.0 0.0 0.0 neptune
0.0 0.0 10.0 0.0 100.0 100.0 0.0 0.0 0.0 0.0 0.0 neptune
0.0 0.0 100.0 10.0 100.0 100.0 0.0 0.0 10.0 0.0 0.0 neptune
0.0 0.0 100.0 10.0 100.0 100.0 0.0 0.0 0.0 0.0 0.0 neptune
0.0 0.0 100.0 10.0 100.0 100.0 0.0 0.0 10.0 0.0 0.0 neptune
0.0 0.0 10.0 0.0 100.0 100.0 0.0 0.0 0.0 0.0 0.0 neptune
0.0 0.0 100.0 10.0 100.0 100.0 0.0 0.0 10.0 0.0 0.0 neptune
0.0 0.0 100.0 0.0 100.0 100.0 0.0 0.0 0.0 0.0 0.0 neptune
0.0 0.0 100.0 10.0 100.0 100.0 0.0 0.0 10.0 0.0 0.0 neptune
0.0 0.0 100.0 10.0 100.0 100.0 0.0 0.0 10.0 0.0 0.0 neptune
0.0 0.0 100.0 10.0 100.0 100.0 0.0 0.0 10.0 0.0 0.0 neptune
0.0 0.0 100.0 0.0 100.0 100.0 0.0 0.0 0.0 0.0 0.0 neptune
0.0 0.0 100.0 10.0 100.0 100.0 0.0 0.0 10.0 0.0 0.0 neptune
0.0 0.0 10.0 10.0 100.0 100.0 0.0 0.0 10.0 0.0 0.0 neptune
0.0 0.0 100.0 10.0 100.0 100.0 0.0 0.0 10.0 0.0 0.0 neptune
0.0 0.0 100.0 0.0 100.0 100.0 0.0 0.0 0.0 0.0 0.0 neptune
0.0 0.0 100.0 10.0 100.0 100.0 0.0 0.0 10.0 0.0 0.0 neptune
0.0 0.0 100.0 0.0 100.0 100.0 0.0 0.0 0.0 0.0 0.0 neptune
0.0 0.0 100.0 10.0 100.0 100.0 0.0 0.0 10.0 0.0 0.0 neptune
0.0 0.0 100.0 0.0 100.0 100.0 0.0 0.0 0.0 0.0 0.0 neptune
0.0 0.0 100.0 10.0 100.0 100.0 0.0 0.0 0.0 0.0 0.0 neptune
0.0 0.0 100.0 0.0 100.0 100.0 0.0 0.0 0.0 0.0 0.0 neptune
0.0 0.0 100.0 0.0 100.0 100.0 0.0 0.0 0.0 0.0 0.0 neptune
0.0 0.0 100.0 10.0 100.0 100.0 0.0 0.0 10.0 0.0 0.0 neptune
0.0 0.0 100.0 0.0 100.0 100.0 0.0 0.0 0.0 0.0 0.0 neptune
0.0 0.0 10.0 0.0 100.0 100.0 0.0 0.0 0.0 0.0 0.0 neptune
0.0 0.0 10.0 0.0 100.0 100.0 0.0 0.0 10.0 0.0 0.0 neptune
0.0 0.0 10.0 0.0 100.0 100.0 0.0 0.0 10.0 0.0 0.0 neptune
0.0 0.0 100.0 0.0 100.0 100.0 0.0 0.0 0.0 0.0 0.0 neptune
0.0 0.0 100.0 10.0 100.0 100.0 0.0 0.0 10.0 0.0 0.0 neptune
0.0 0.0 100.0 0.0 100.0 100.0 0.0 0.0 0.0 0.0 0.0 neptune
0.0 0.0 10.0 0.0 100.0 100.0 0.0 0.0 0.0 0.0 0.0 neptune
0.0 0.0 100.0 0.0 100.0 100.0 0.0 0.0 0.0 0.0 0.0 neptune
0.0 0.0 100.0 10.0 100.0 100.0 0.0 0.0 10.0 0.0 0.0 neptune
0.0 0.0 100.0 0.0 100.0 100.0 0.0 0.0 0.0 0.0 0.0 neptune
0.0 0.0 100.0 10.0 100.0 100.0 0.0 0.0 10.0 0.0 0.0 neptune
0.0 0.0 100.0 0.0 100.0 100.0 0.0 0.0 0.0 0.0 0.0 neptune
0.0 0.0 100.0 10.0 100.0 100.0 0.0 0.0 10.0 0.0 0.0 neptune
0.0 0.0 10.0 10.0 100.0 100.0 0.0 0.0 10.0 0.0 0.0 neptune
0.0 0.0 100.0 10.0 100.0 100.0 0.0 0.0 10.0 0.0 0.0 neptune
0.0 0.0 100.0 10.0 100.0 100.0 0.0 0.0 0.0 0.0 0.0 neptune
0.0 0.0 100.0 0.0 100.0 100.0 0.0 0.0 0.0 0.0 0.0 neptune
0.0 0.0 100.0 0.0 100.0 100.0 0.0 0.0 0.0 0.0 0.0 neptune
0.0 0.0 100.0 0.0 100.0 100.0 0.0 0.0 0.0 0.0 0.0 neptune
0.0 0.0 100.0 10.0 100.0 100.0 0.0 0.0 10.0 0.0 0.0 neptune
0.0 0.0 100.0 0.0 100.0 100.0 0.0 0.0 0.0 0.0 0.0 neptune
0.0 0.0 100.0 10.0 100.0 100.0 0.0 0.0 10.0 0.0 0.0 neptune
0.0 0.0 100.0 0.0 100.0 100.0 0.0 0.0 0.0 0.0 0.0 neptune
0.0 0.0 100.0 0.0 100.0 100.0 0.0 0.0 0.0 0.0 0.0 neptune
0.0 0.0 100.0 0.0 100.0 100.0 0.0 0.0 0.0 0.0 0.0 neptune
0.0 0.0 100.0 10.0 100.0 100.0 0.0 0.0 0.0 0.0 0.0 neptune
0.0 0.0 100.0 10.0 100.0 100.0 0.0 0.0 0.0 0.0 0.0 neptune
0.0 0.0 10.0 0.0 100.0 100.0 0.0 0.0 0.0 0.0 0.0 neptune
0.0 0.0 100.0 0.0 100.0 100.0 0.0 0.0 0.0 0.0 0.0 neptune
0.0 0.0 100.0 0.0 100.0 100.0 0.0 0.0 0.0 0.0 0.0 neptune
0.0 0.0 100.0 10.0 100.0 100.0 0.0 0.0 10.0 0.0 0.0 neptune
0.0 0.0 100.0 0.0 100.0 100.0 0.0 0.0 0.0 0.0 0.0 neptune
0.0 0.0 100.0 10.0 100.0 100.0 0.0 0.0 10.0 0.0 0.0 neptune
0.0 0.0 100.0 0.0 100.0 100.0 0.0 0.0 0.0 0.0 0.0 neptune
0.0 0.0 100.0 10.0 100.0 100.0 0.0 0.0 10.0 0.0 0.0 neptune
0.0 0.0 100.0 10.0 100.0 100.0 0.0 0.0 10.0 0.0 0.0 neptune
0.0 0.0 100.0 0.0 100.0 100.0 0.0 0.0 0.0 0.0 0.0 neptune
0.0 0.0 100.0 10.0 100.0 100.0 0.0 0.0 0.0 0.0 0.0 neptune
0.0 0.0 10.0 0.0 100.0 100.0 0.0 0.0 0.0 0.0 0.0 neptune
0.0 0.0 100.0 0.0 100.0 100.0 0.0 0.0 0.0 0.0 0.0 neptune
0.0 0.0 100.0 10.0 100.0 100.0 0.0 0.0 10.0 0.0 0.0 neptune
0.0 0.0 100.0 0.0 100.0 100.0 0.0 0.0 0.0 0.0 0.0 neptune
0.0 0.0 100.0 0.0 100.0 100.0 0.0 0.0 0.0 0.0 0.0 neptune
0.0 0.0 100.0 10.0 100.0 100.0 0.0 0.0 10.0 0.0 0.0 neptune
0.0 0.0 100.0 10.0 100.0 100.0 0.0 0.0 10.0 0.0 0.0 neptune
0.0 0.0 100.0 0.0 100.0 100.0 0.0 0.0 0.0 0.0 0.0 neptune
0.0 0.0 100.0 10.0 100.0 100.0 0.0 0.0 0.0 0.0 0.0 neptune
0.0 0.0 100.0 0.0 100.0 100.0 0.0 0.0 0.0 0.0 0.0 neptune
0.0 0.0 100.0 10.0 100.0 100.0 0.0 0.0 10.0 0.0 0.0 neptune
0.0 0.0 100.0 0.0 100.0 100.0 0.0 0.0 0.0 0.0 0.0 neptune
0.0 0.0 100.0 0.0 100.0 100.0 0.0 0.0 0.0 0.0 0.0 neptune
0.0 0.0 10.0 10.0 100.0 100.0 0.0 0.0 10.0 0.0 0.0 neptune
0.0 0.0 100.0 10.0 100.0 100.0 0.0 0.0 10.0 0.0 0.0 neptune
0.0 0.0 10.0 10.0 100.0 100.0 0.0 0.0 10.0 0.0 0.0 neptune
0.0 0.0 10.0 0.0 100.0 100.0 0.0 0.0 0.0 0.0 0.0 neptune
0.0 0.0 100.0 10.0 100.0 100.0 0.0 0.0 10.0 0.0 0.0 neptune
0.0 0.0 10.0 0.0 100.0 100.0 0.0 0.0 0.0 0.0 0.0 neptune
0.0 0.0 10.0 10.0 100.0 100.0 0.0 0.0 10.0 0.0 0.0 neptune
0.0 0.0 10.0 0.0 100.0 100.0 0.0 0.0 0.0 0.0 0.0 neptune
0.0 0.0 10.0 10.0 100.0 100.0 0.0 0.0 10.0 0.0 0.0 neptune
0.0 0.0 10.0 0.0 100.0 100.0 0.0 0.0 0.0 0.0 0.0 neptune
0.0 0.0 10.0 0.0 100.0 100.0 0.0 0.0 10.0 0.0 0.0 neptune
0.0 0.0 10.0 10.0 100.0 100.0 0.0 0.0 10.0 0.0 0.0 neptune
0.0 0.0 10.0 10.0 100.0 100.0 0.0 0.0 10.0 0.0 0.0 neptune
0.0 0.0 100.0 0.0 100.0 100.0 0.0 0.0 0.0 0.0 0.0 neptune
0.0 0.0 100.0 10.0 100.0 100.0 0.0 0.0 10.0 0.0 0.0 neptune
0.0 0.0 100.0 0.0 100.0 100.0 0.0 0.0 0.0 0.0 0.0 neptune
0.0 0.0 100.0 0.0 100.0 100.0 0.0 0.0 0.0 0.0 0.0 neptune
0.0 0.0 100.0 10.0 100.0 100.0 0.0 0.0 10.0 0.0 0.0 neptune
0.0 0.0 100.0 0.0 100.0 100.0 0.0 0.0 0.0 0.0 0.0 neptune
0.0 0.0 100.0 10.0 100.0 100.0 0.0 0.0 0.0 0.0 0.0 neptune
0.0 0.0 100.0 0.0 100.0 100.0 0.0 0.0 0.0 0.0 0.0 neptune
0.0 0.0 100.0 0.0 100.0 100.0 0.0 0.0 0.0 0.0 0.0 neptune
0.0 0.0 100.0 10.0 100.0 100.0 0.0 0.0 0.0 0.0 0.0 neptune
0.0 0.0 100.0 0.0 100.0 100.0 0.0 0.0 0.0 0.0 0.0 neptune
0.0 0.0 100.0 0.0 100.0 100.0 0.0 0.0 0.0 0.0 0.0 neptune
0.0 0.0 100.0 10.0 100.0 100.0 0.0 0.0 10.0 0.0 0.0 neptune
0.0 0.0 100.0 10.0 100.0 100.0 0.0 0.0 10.0 0.0 0.0 neptune
0.0 0.0 100.0 10.0 100.0 100.0 0.0 0.0 10.0 0.0 0.0 neptune
0.0 0.0 100.0 0.0 100.0 100.0 0.0 0.0 0.0 0.0 0.0 neptune
0.0 0.0 100.0 10.0 100.0 100.0 0.0 0.0 10.0 0.0 0.0 neptune
0.0 0.0 10.0 0.0 100.0 100.0 0.0 0.0 0.0 0.0 0.0 neptune
0.0 0.0 100.0 10.0 100.0 100.0 0.0 0.0 10.0 0.0 0.0 neptune
0.0 0.0 100.0 0.0 100.0 100.0 0.0 0.0 0.0 0.0 0.0 neptune
0.0 0.0 100.0 10.0 100.0 100.0 0.0 0.0 10.0 0.0 0.0 neptune
0.0 0.0 100.0 0.0 100.0 100.0 0.0 0.0 0.0 0.0 0.0 neptune
0.0 0.0 100.0 10.0 100.0 100.0 0.0 0.0 10.0 0.0 0.0 neptune
0.0 0.0 10.0 0.0 100.0 100.0 0.0 0.0 0.0 0.0 0.0 neptune
0.0 0.0 100.0 10.0 100.0 100.0 0.0 0.0 10.0 0.0 0.0 neptune
0.0 0.0 10.0 0.0 100.0 100.0 0.0 0.0 0.0 0.0 0.0 neptune
0.0 0.0 10.0 0.0 100.0 100.0 0.0 0.0 10.0 0.0 0.0 neptune
0.0 0.0 10.0 10.0 100.0 100.0 0.0 0.0 10.0 0.0 0.0 neptune
0.0 0.0 100.0 10.0 100.0 100.0 0.0 0.0 10.0 0.0 0.0 neptune
0.0 0.0 10.0 0.0 100.0 100.0 0.0 0.0 0.0 10.0 0.0 neptune
0.0 0.0 10.0 10.0 100.0 100.0 0.0 0.0 10.0 0.0 0.0 neptune
0.0 0.0 10.0 10.0 100.0 100.0 0.0 0.0 10.0 0.0 0.0 neptune
0.0 0.0 10.0 0.0 100.0 100.0 0.0 0.0 0.0 0.0 0.0 neptune
0.0 0.0 10.0 10.0 100.0 100.0 0.0 0.0 10.0 0.0 0.0 neptune
0.0 0.0 10.0 0.0 100.0 100.0 0.0 0.0 10.0 0.0 0.0 neptune
0.0 0.0 10.0 10.0 100.0 100.0 0.0 0.0 30.0 0.0 0.0 neptune
0.0 0.0 10.0 0.0 100.0 100.0 0.0 0.0 0.0 0.0 0.0 neptune
0.0 0.0 10.0 10.0 100.0 100.0 0.0 0.0 10.0 0.0 0.0 neptune
0.0 0.0 100.0 10.0 100.0 100.0 0.0 0.0 10.0 0.0 0.0 neptune
0.0 0.0 10.0 0.0 100.0 100.0 0.0 0.0 10.0 0.0 0.0 neptune
0.0 0.0 10.0 10.0 100.0 100.0 0.0 0.0 10.0 0.0 0.0 neptune
0.0 0.0 10.0 0.0 100.0 100.0 0.0 0.0 0.0 0.0 0.0 neptune
0.0 0.0 10.0 10.0 100.0 100.0 0.0 0.0 10.0 0.0 0.0 neptune
0.0 0.0 100.0 10.0 100.0 100.0 0.0 0.0 10.0 0.0 0.0 neptune
0.0 0.0 10.0 0.0 100.0 100.0 0.0 0.0 0.0 0.0 0.0 neptune
0.0 0.0 100.0 0.0 100.0 100.0 0.0 0.0 0.0 0.0 0.0 neptune
0.0 0.0 100.0 10.0 100.0 100.0 0.0 0.0 10.0 0.0 0.0 neptune
0.0 0.0 100.0 0.0 100.0 100.0 0.0 0.0 0.0 0.0 0.0 neptune
0.0 0.0 100.0 10.0 100.0 100.0 0.0 0.0 10.0 0.0 0.0 neptune
0.0 0.0 100.0 0.0 100.0 100.0 0.0 0.0 0.0 0.0 0.0 neptune
0.0 0.0 100.0 0.0 100.0 100.0 0.0 0.0 0.0 0.0 0.0 neptune
0.0 0.0 100.0 10.0 100.0 100.0 0.0 0.0 10.0 0.0 0.0 neptune
0.0 0.0 100.0 0.0 100.0 100.0 0.0 0.0 0.0 0.0 0.0 neptune
0.0 0.0 100.0 10.0 100.0 100.0 0.0 0.0 10.0 0.0 0.0 neptune
0.0 0.0 100.0 10.0 100.0 100.0 0.0 0.0 0.0 0.0 0.0 neptune
0.0 0.0 100.0 0.0 100.0 100.0 0.0 0.0 0.0 0.0 0.0 neptune
0.0 0.0 100.0 10.0 100.0 100.0 0.0 0.0 0.0 0.0 0.0 neptune
0.0 0.0 100.0 10.0 100.0 100.0 0.0 0.0 10.0 0.0 0.0 neptune
0.0 0.0 100.0 0.0 100.0 100.0 0.0 0.0 0.0 0.0 0.0 neptune
0.0 0.0 10.0 10.0 100.0 100.0 0.0 0.0 10.0 0.0 0.0 neptune
0.0 0.0 10.0 0.0 100.0 100.0 0.0 0.0 0.0 0.0 0.0 neptune
0.0 0.0 100.0 10.0 100.0 100.0 0.0 0.0 10.0 0.0 0.0 neptune
0.0 0.0 10.0 0.0 100.0 100.0 0.0 0.0 0.0 0.0 0.0 neptune
0.0 0.0 10.0 10.0 100.0 100.0 0.0 0.0 10.0 0.0 0.0 neptune
0.0 0.0 10.0 10.0 100.0 100.0 0.0 0.0 30.0 0.0 0.0 neptune
0.0 0.0 100.0 0.0 100.0 100.0 0.0 0.0 0.0 0.0 0.0 neptune
0.0 0.0 10.0 10.0 100.0 100.0 0.0 0.0 30.0 0.0 0.0 neptune
0.0 0.0 10.0 0.0 100.0 100.0 0.0 0.0 0.0 0.0 0.0 neptune
0.0 0.0 10.0 10.0 100.0 100.0 0.0 0.0 10.0 10.0 0.0 neptune
0.0 0.0 10.0 0.0 100.0 100.0 0.0 0.0 0.0 0.0 0.0 neptune
0.0 0.0 10.0 10.0 100.0 100.0 0.0 0.0 10.0 0.0 0.0 neptune
0.0 0.0 10.0 10.0 100.0 100.0 0.0 0.0 10.0 0.0 0.0 neptune
0.0 0.0 10.0 0.0 100.0 100.0 0.0 0.0 10.0 0.0 0.0 neptune
0.0 0.0 10.0 10.0 100.0 100.0 0.0 0.0 10.0 0.0 0.0 neptune
0.0 0.0 10.0 0.0 100.0 100.0 0.0 0.0 10.0 0.0 0.0 neptune
0.0 0.0 10.0 10.0 100.0 100.0 0.0 0.0 10.0 0.0 0.0 neptune
0.0 0.0 10.0 0.0 100.0 100.0 0.0 0.0 10.0 0.0 0.0 neptune
0.0 0.0 100.0 10.0 100.0 100.0 0.0 0.0 10.0 0.0 0.0 neptune
0.0 0.0 10.0 0.0 100.0 100.0 0.0 0.0 0.0 0.0 0.0 neptune
0.0 0.0 10.0 0.0 100.0 100.0 0.0 0.0 0.0 0.0 0.0 neptune
0.0 0.0 10.0 0.0 100.0 100.0 0.0 0.0 0.0 0.0 0.0 neptune
0.0 0.0 10.0 10.0 100.0 100.0 0.0 0.0 10.0 0.0 0.0 neptune
0.0 0.0 100.0 0.0 100.0 100.0 0.0 0.0 0.0 0.0 0.0 neptune
0.0 0.0 100.0 10.0 100.0 100.0 0.0 0.0 10.0 0.0 0.0 neptune
0.0 0.0 10.0 10.0 100.0 100.0 0.0 0.0 10.0 0.0 0.0 neptune
0.0 0.0 10.0 0.0 100.0 100.0 0.0 0.0 0.0 0.0 0.0 neptune
0.0 0.0 100.0 10.0 100.0 100.0 0.0 0.0 10.0 0.0 0.0 neptune
0.0 0.0 100.0 0.0 100.0 100.0 0.0 0.0 0.0 0.0 0.0 neptune
0.0 0.0 100.0 0.0 100.0 100.0 0.0 0.0 0.0 0.0 0.0 neptune
0.0 0.0 10.0 0.0 100.0 100.0 0.0 0.0 0.0 0.0 0.0 neptune
0.0 0.0 100.0 10.0 100.0 100.0 0.0 0.0 10.0 0.0 0.0 neptune
0.0 0.0 100.0 0.0 100.0 100.0 0.0 0.0 0.0 0.0 0.0 neptune
0.0 0.0 100.0 10.0 100.0 100.0 0.0 0.0 10.0 0.0 0.0 neptune
0.0 0.0 100.0 0.0 100.0 100.0 0.0 0.0 0.0 0.0 0.0 neptune
0.0 0.0 100.0 10.0 100.0 100.0 0.0 0.0 0.0 0.0 0.0 neptune
0.0 0.0 100.0 10.0 100.0 100.0 0.0 0.0 10.0 0.0 0.0 neptune
0.0 0.0 100.0 0.0 100.0 100.0 0.0 0.0 0.0 0.0 0.0 neptune
0.0 0.0 100.0 10.0 100.0 100.0 0.0 0.0 10.0 0.0 0.0 neptune
0.0 0.0 100.0 0.0 100.0 100.0 0.0 0.0 0.0 0.0 0.0 neptune
0.0 0.0 100.0 10.0 100.0 100.0 0.0 0.0 10.0 0.0 0.0 neptune
0.0 0.0 100.0 0.0 100.0 100.0 0.0 0.0 0.0 0.0 0.0 neptune
0.0 0.0 100.0 10.0 100.0 100.0 0.0 0.0 10.0 0.0 0.0 neptune
0.0 0.0 100.0 0.0 100.0 100.0 0.0 0.0 0.0 0.0 0.0 neptune
0.0 0.0 100.0 10.0 100.0 100.0 0.0 0.0 10.0 0.0 0.0 neptune
0.0 0.0 100.0 0.0 100.0 100.0 0.0 0.0 0.0 0.0 0.0 neptune
0.0 0.0 10.0 10.0 100.0 100.0 0.0 0.0 10.0 0.0 0.0 neptune
0.0 0.0 100.0 0.0 100.0 100.0 0.0 0.0 0.0 0.0 0.0 neptune
0.0 0.0 100.0 10.0 100.0 100.0 0.0 0.0 0.0 0.0 0.0 neptune
0.0 0.0 100.0 10.0 100.0 100.0 0.0 0.0 10.0 0.0 0.0 neptune
0.0 0.0 100.0 0.0 100.0 100.0 0.0 0.0 0.0 0.0 0.0 neptune
0.0 0.0 100.0 10.0 100.0 100.0 0.0 0.0 10.0 0.0 0.0 neptune
0.0 0.0 100.0 0.0 100.0 100.0 0.0 0.0 0.0 0.0 0.0 neptune
0.0 0.0 100.0 0.0 100.0 100.0 0.0 0.0 0.0 0.0 0.0 neptune
0.0 0.0 100.0 0.0 100.0 100.0 0.0 0.0 0.0 0.0 0.0 neptune
0.0 0.0 100.0 10.0 100.0 100.0 0.0 0.0 10.0 0.0 0.0 neptune
0.0 0.0 100.0 0.0 100.0 100.0 0.0 0.0 0.0 0.0 0.0 neptune
0.0 0.0 100.0 10.0 100.0 100.0 0.0 0.0 10.0 0.0 0.0 neptune
0.0 0.0 100.0 0.0 100.0 100.0 0.0 0.0 0.0 0.0 0.0 neptune
0.0 0.0 100.0 10.0 100.0 100.0 0.0 0.0 10.0 0.0 0.0 neptune
0.0 0.0 100.0 0.0 100.0 100.0 0.0 0.0 0.0 0.0 0.0 neptune
0.0 0.0 100.0 10.0 100.0 100.0 0.0 0.0 0.0 0.0 0.0 neptune
0.0 0.0 100.0 0.0 100.0 100.0 0.0 0.0 0.0 0.0 0.0 neptune
0.0 0.0 100.0 0.0 100.0 100.0 0.0 0.0 0.0 0.0 0.0 neptune
0.0 0.0 100.0 10.0 100.0 100.0 0.0 0.0 10.0 0.0 0.0 neptune
0.0 0.0 100.0 10.0 100.0 100.0 0.0 0.0 10.0 0.0 0.0 neptune
0.0 0.0 100.0 10.0 100.0 100.0 0.0 0.0 10.0 0.0 0.0 neptune
0.0 0.0 100.0 10.0 100.0 100.0 0.0 0.0 10.0 0.0 0.0 neptune
0.0 0.0 100.0 0.0 100.0 100.0 0.0 0.0 0.0 0.0 0.0 neptune
0.0 0.0 100.0 10.0 100.0 100.0 0.0 0.0 10.0 0.0 0.0 neptune
0.0 0.0 100.0 10.0 100.0 100.0 0.0 0.0 10.0 0.0 0.0 neptune
0.0 0.0 100.0 10.0 100.0 100.0 0.0 0.0 10.0 0.0 0.0 neptune
0.0 0.0 10.0 0.0 100.0 100.0 0.0 0.0 0.0 0.0 0.0 neptune
0.0 0.0 100.0 0.0 100.0 100.0 0.0 0.0 0.0 0.0 0.0 neptune
0.0 0.0 100.0 10.0 100.0 100.0 0.0 0.0 10.0 0.0 0.0 neptune
0.0 0.0 100.0 10.0 100.0 100.0 0.0 0.0 10.0 0.0 0.0 neptune
0.0 0.0 10.0 0.0 100.0 100.0 0.0 0.0 0.0 0.0 0.0 neptune
0.0 0.0 10.0 0.0 100.0 100.0 0.0 0.0 0.0 0.0 0.0 neptune
0.0 0.0 100.0 0.0 100.0 100.0 0.0 0.0 0.0 0.0 0.0 neptune
0.0 0.0 100.0 0.0 100.0 100.0 0.0 0.0 0.0 0.0 0.0 neptune
0.0 0.0 100.0 10.0 100.0 100.0 0.0 0.0 10.0 0.0 0.0 neptune
0.0 0.0 100.0 10.0 100.0 100.0 0.0 0.0 10.0 0.0 0.0 neptune
0.0 0.0 10.0 0.0 100.0 100.0 0.0 0.0 0.0 0.0 0.0 neptune
0.0 0.0 100.0 10.0 100.0 100.0 0.0 0.0 0.0 0.0 0.0 neptune
0.0 0.0 100.0 10.0 100.0 100.0 0.0 0.0 10.0 0.0 0.0 neptune
0.0 0.0 100.0 10.0 100.0 100.0 0.0 0.0 10.0 0.0 0.0 neptune
0.0 0.0 100.0 10.0 100.0 100.0 0.0 0.0 10.0 0.0 0.0 neptune
0.0 0.0 100.0 0.0 100.0 100.0 0.0 0.0 0.0 0.0 0.0 neptune
0.0 0.0 100.0 10.0 100.0 100.0 0.0 0.0 10.0 0.0 0.0 neptune
0.0 0.0 100.0 10.0 100.0 100.0 0.0 0.0 0.0 0.0 0.0 neptune
0.0 0.0 100.0 10.0 100.0 100.0 0.0 0.0 10.0 0.0 0.0 neptune
0.0 0.0 100.0 10.0 100.0 100.0 0.0 0.0 10.0 0.0 0.0 neptune
0.0 0.0 100.0 10.0 100.0 100.0 0.0 0.0 0.0 0.0 0.0 neptune
0.0 0.0 100.0 10.0 100.0 100.0 0.0 0.0 10.0 0.0 0.0 neptune
0.0 0.0 100.0 0.0 100.0 100.0 0.0 0.0 0.0 0.0 0.0 neptune
0.0 0.0 100.0 10.0 100.0 100.0 0.0 0.0 10.0 0.0 0.0 neptune
0.0 0.0 100.0 0.0 100.0 100.0 0.0 0.0 0.0 0.0 0.0 neptune
0.0 0.0 10.0 10.0 100.0 100.0 0.0 0.0 10.0 0.0 0.0 neptune
0.0 0.0 100.0 0.0 100.0 100.0 0.0 0.0 0.0 0.0 0.0 neptune
0.0 0.0 100.0 10.0 100.0 100.0 0.0 0.0 10.0 0.0 0.0 neptune
0.0 0.0 100.0 0.0 100.0 100.0 0.0 0.0 0.0 0.0 0.0 neptune
0.0 0.0 100.0 10.0 100.0 100.0 0.0 0.0 0.0 0.0 0.0 neptune
0.0 0.0 100.0 0.0 100.0 100.0 0.0 0.0 0.0 0.0 0.0 neptune
0.0 0.0 100.0 0.0 100.0 100.0 0.0 0.0 0.0 0.0 0.0 neptune
0.0 0.0 100.0 0.0 100.0 100.0 0.0 0.0 0.0 0.0 0.0 neptune
0.0 0.0 100.0 10.0 100.0 100.0 0.0 0.0 0.0 0.0 0.0 neptune
0.0 0.0 100.0 10.0 100.0 100.0 0.0 0.0 10.0 0.0 0.0 neptune
0.0 0.0 10.0 0.0 100.0 100.0 0.0 0.0 0.0 0.0 0.0 neptune
0.0 0.0 100.0 10.0 100.0 100.0 0.0 0.0 10.0 0.0 0.0 neptune
0.0 0.0 100.0 0.0 100.0 100.0 0.0 0.0 0.0 0.0 0.0 neptune
0.0 0.0 100.0 10.0 100.0 100.0 0.0 0.0 10.0 0.0 0.0 neptune
0.0 0.0 100.0 0.0 100.0 100.0 0.0 0.0 0.0 0.0 0.0 neptune
0.0 0.0 100.0 10.0 100.0 100.0 0.0 0.0 0.0 0.0 0.0 neptune
0.0 0.0 10.0 0.0 100.0 100.0 0.0 0.0 0.0 0.0 0.0 neptune
0.0 0.0 100.0 10.0 100.0 100.0 0.0 0.0 10.0 0.0 0.0 neptune
0.0 0.0 100.0 0.0 100.0 100.0 0.0 0.0 0.0 0.0 0.0 neptune
0.0 0.0 100.0 0.0 100.0 100.0 0.0 0.0 0.0 0.0 0.0 neptune
0.0 0.0 100.0 10.0 100.0 100.0 0.0 0.0 10.0 0.0 0.0 neptune
0.0 0.0 100.0 0.0 100.0 100.0 0.0 0.0 0.0 0.0 0.0 neptune
0.0 0.0 100.0 10.0 100.0 100.0 0.0 0.0 10.0 0.0 0.0 neptune
0.0 0.0 100.0 10.0 100.0 100.0 0.0 0.0 10.0 0.0 0.0 neptune
0.0 0.0 100.0 0.0 100.0 100.0 0.0 0.0 0.0 0.0 0.0 neptune
0.0 0.0 100.0 10.0 100.0 100.0 0.0 0.0 10.0 0.0 0.0 neptune
0.0 0.0 10.0 0.0 100.0 100.0 0.0 0.0 0.0 0.0 0.0 neptune
0.0 0.0 100.0 10.0 100.0 100.0 0.0 0.0 10.0 0.0 0.0 neptune
0.0 0.0 100.0 0.0 100.0 100.0 0.0 0.0 0.0 0.0 0.0 neptune
0.0 0.0 100.0 10.0 100.0 100.0 0.0 0.0 10.0 0.0 0.0 neptune
0.0 0.0 100.0 10.0 100.0 100.0 0.0 0.0 0.0 0.0 0.0 neptune
0.0 0.0 10.0 10.0 100.0 100.0 0.0 0.0 10.0 0.0 0.0 neptune
0.0 0.0 100.0 0.0 100.0 100.0 0.0 0.0 0.0 0.0 0.0 neptune
0.0 0.0 100.0 10.0 100.0 100.0 0.0 0.0 10.0 0.0 0.0 neptune
0.0 0.0 10.0 10.0 100.0 100.0 0.0 0.0 10.0 0.0 0.0 neptune
0.0 0.0 10.0 10.0 100.0 100.0 0.0 0.0 10.0 0.0 0.0 neptune
0.0 0.0 10.0 10.0 100.0 100.0 0.0 0.0 10.0 0.0 0.0 neptune
0.0 0.0 10.0 0.0 100.0 100.0 0.0 0.0 0.0 0.0 0.0 neptune
0.0 0.0 10.0 10.0 100.0 100.0 0.0 0.0 10.0 0.0 0.0 neptune
0.0 0.0 10.0 10.0 100.0 100.0 0.0 0.0 10.0 0.0 0.0 neptune
0.0 0.0 10.0 0.0 100.0 100.0 0.0 0.0 0.0 0.0 0.0 neptune
0.0 0.0 100.0 0.0 100.0 100.0 0.0 0.0 0.0 0.0 0.0 neptune